X: 0.004526320831098462
Y: 0.0038387853226781866
Z: 0.005867884341982852

SNR ratio of accleration sensor: 47.349936809568035 dB
mean X: 1.0549750153846156
