noise: 0.9783510106759765

image_mean: 81.83353255919855

SNR = 38.44872856521145